0 0 0
1 0 0
1 1 0
0 1 0
0.499999999998694 0 0
1 0.499999999998694 0
0.5000000000020591 1 0
0 0.5000000000020591 0
0.2937500000004586 0.7062500000004164 0
0.3749999999995794 0.3750000000004207 0
0.6479166666669072 0.6437499999998402 0
0.7187499999993462 0.2812499999995109 0
0 4 111
4 1 111
1 5 111
5 2 111
2 6 111
6 3 111
3 7 111
7 0 111
5 2 10 4444
7 0 9 4444
0 4 9 4444
2 6 10 4444
4 1 11 4444
1 5 11 4444
6 3 8 4444
3 7 8 4444
5 10 11 4444
8 7 9 4444
8 9 10 4444
9 4 11 4444
10 9 11 4444
6 8 10 4444